steady_state.asc
ncols 115
nrows 34
xllcorner 0.0
yllcorner 0.0
cellsize 100.0
[rows 0 to 16 of 34, columns 0 to 36 of 115]
0.000000000000000000e+00 0.000000000000000000e+00 0.000000000000000000e+00 0.000000000000000000e+00 0.000000000000000000e+00 0.000000000000000000e+00 0.000000000000000000e+00 0.000000000000000000e+00 0.000000000000000000e+00 0.000000000000000000e+00 0.000000000000000000e+00 0.000000000000000000e+00 0.000000000000000000e+00 0.000000000000000000e+00 0.000000000000000000e+00 0.000000000000000000e+00 0.000000000000000000e+00 0.000000000000000000e+00 0.000000000000000000e+00 0.000000000000000000e+00 0.000000000000000000e+00 0.000000000000000000e+00 0.000000000000000000e+00 0.000000000000000000e+00 0.000000000000000000e+00 0.000000000000000000e+00 0.000000000000000000e+00 0.000000000000000000e+00 0.000000000000000000e+00 0.000000000000000000e+00 0.000000000000000000e+00 0.000000000000000000e+00 0.000000000000000000e+00 0.000000000000000000e+00 0.000000000000000000e+00 0.000000000000000000e+00 0.000000000000000000e+00
0.000000000000000000e+00 1.558731197352716663e+03 1.467088297481358950e+03 1.401340112977698482e+03 1.416045812384352303e+03 1.350297627880691834e+03 1.336332809351857122e+03 1.270584624848196654e+03 1.336332809351857122e+03 1.415697888716925263e+03 1.463563048083562990e+03 1.304832889353424889e+03 1.192593717736524468e+03 1.221721244573388049e+03 1.171526361078657828e+03 1.237274545582318297e+03 1.318473158690054333e+03 1.248234175947431140e+03 1.181146917088660757e+03 1.115398732585000289e+03 1.135995004330543907e+03 1.201743188834204375e+03 1.284392532365979150e+03 1.217305273507204220e+03 1.151557089003543751e+03 1.139279268497255089e+03 1.205027453000915557e+03 1.284392532365985517e+03 1.187808524863819002e+03 1.029078366133680902e+03 1.029078366133680902e+03 9.761683132236398706e+02 1.041916497727291244e+03 1.070097156007137073e+03 1.092074349596101001e+03 9.333441908659626733e+02 9.333441908659626733e+02
0.000000000000000000e+00 1.492983012849056195e+03 1.334252854118918094e+03 1.242609954247560381e+03 1.326513998566432747e+03 1.191567469150553734e+03 1.220694995987417315e+03 1.111854466118058554e+03 1.191219545483126694e+03 1.266045659894393793e+03 1.331793844398054262e+03 1.333960416190288470e+03 1.175230257460150369e+03 1.062991085843249948e+03 1.012796202348519500e+03 1.109267270558603286e+03 1.175015455062263754e+03 1.093994815456255765e+03 1.023755832713632685e+03 9.566685738548619611e+02 9.772648456004058062e+02 1.135995004330543907e+03 1.160684288867075338e+03 1.059914189132180582e+03 9.928269302734054236e+02 9.805491097671169882e+02 1.059914189132186948e+03 1.218644347862325048e+03 1.141317537750587690e+03 9.825873790204495890e+02 8.703482074035428013e+02 8.174381544934926751e+02 9.113669972769989727e+02 9.113669972769989727e+02 1.015653160723813471e+03 9.333441908659626733e+02 7.746140321358154779e+02
0.000000000000000000e+00 1.530942744870973002e+03 1.372212586140834901e+03 1.326513998566432747e+03 1.167783839836294646e+03 1.220694995987417315e+03 1.061964837257279214e+03 1.032489386752988594e+03 1.153806488277493827e+03 1.107315501164255693e+03 1.266045659894393793e+03 1.380451403303526149e+03 1.221721244573388049e+03 1.221721244573388049e+03 1.109267270558603286e+03 9.505371118284649583e+02 1.061408326974833926e+03 1.030860693684379385e+03 9.352646567261176642e+02 8.650256739834990185e+02 1.023755832713632685e+03 1.121483587277115021e+03 1.001954130136937238e+03 1.001954130136937238e+03 9.011840304020424810e+02 1.059914189132180582e+03 1.205027453000915557e+03 1.284392532365985517e+03 1.187808524863819002e+03 1.029078366133680902e+03 1.029078366133680902e+03 9.113669972769989727e+02 7.526368385468517772e+02 8.569230019936662757e+02 8.569230019936662757e+02 8.991083802981768258e+02 8.329544238764974580e+02
0.000000000000000000e+00 1.596690929374633470e+03 1.456116630459707267e+03 1.297386471729569166e+03 1.268553939571183491e+03 1.109823780841045391e+03 1.220694995987417315e+03 1.153806488277493827e+03 9.950763295473554990e+02 1.153806488277493827e+03 1.226736116751621921e+03 1.292484301255282389e+03 1.321896209164962784e+03 1.163166050434824683e+03 1.050926878817924262e+03 1.061408326974833926e+03 9.026781682446958257e+02 8.721305349542412841e+02 8.436217568547547216e+02 8.171667303997298859e+02 8.970052440433162246e+02 1.009244415660220739e+03 1.001954130136937238e+03 8.432239714067900422e+02 1.001954130136937238e+03 1.046681449147085459e+03 1.205411607877223560e+03 1.270116110614310401e+03 1.204367926110649933e+03 1.108521613770750264e+03 9.497914550406121634e+02 8.375522834237053758e+02 7.581872040586308685e+02 6.981928432635190802e+02 8.145005826424903717e+02 7.403782215680296304e+02 7.614520414106227690e+02
0.000000000000000000e+00 1.595724333691111042e+03 1.521864814963367735e+03 1.380793111188083913e+03 1.222062952457945812e+03 1.268553939571183491e+03 1.242116188102509113e+03 1.083386029372371013e+03 9.711468577554708190e+02 1.097133484858347856e+03 1.068005958021483821e+03 1.166688780026949189e+03 1.232436964530609657e+03 1.275405222051722831e+03 1.209657037548062362e+03 1.127156511478494394e+03 1.061408326974833926e+03 9.843697065711480718e+02 1.002351915584901917e+03 9.434962311565566324e+02 7.847660724264094370e+02 9.434962311565566324e+02 9.673163697820198195e+02 8.085862110518726240e+02 8.879512904169471312e+02 1.046681449147085459e+03 1.174125808390861039e+03 1.204367926110649933e+03 1.045637767380511832e+03 1.092128754493749966e+03 1.062030626657503944e+03 9.826655472924421701e+02 9.169173627887780640e+02 8.145005826424903717e+02 6.557704239123431762e+02 6.281390499511228427e+02 6.027218826804755736e+02
0.000000000000000000e+00 1.436994174960972941e+03 1.466121701797836522e+03 1.446541295691744381e+03 1.380793111188083913e+03 1.321924652709130896e+03 1.250938367709145950e+03 1.185190183205485482e+03 1.097133484858347856e+03 9.384033261282095282e+02 1.066299013037484201e+03 1.007958621296811089e+03 1.120197792913711510e+03 1.278927951643849610e+03 1.275925956080677679e+03 1.210177771577017211e+03 1.208848049804946641e+03 1.130587913109788133e+03 9.718577543796498048e+02 9.218957925076763331e+02 7.631656337775291377e+02 9.218957925076763331e+02 9.367687364915652779e+02 7.780385777614180824e+02 9.367687364915652779e+02 9.496474651570624701e+02 1.108377623887200571e+03 1.220655497318743073e+03 1.092128754493749966e+03 9.333985957636116382e+02 1.007283915791407253e+03 1.057309693386869640e+03 9.915615088832180390e+02 8.802487671461544778e+02 8.145005826424903717e+02 7.197819498224857853e+02 7.263944140852768214e+02
0.000000000000000000e+00 1.324755003344072520e+03 1.307391543067698422e+03 1.419630714684596569e+03 1.368415639822370849e+03 1.209685481092232749e+03 1.097446309475332328e+03 1.026460024475347382e+03 1.110364068794219747e+03 1.066299013037484201e+03 9.075688543073458732e+02 1.066299013037484201e+03 1.130319641432674871e+03 1.196067825936335339e+03 1.210177771577017211e+03 1.051447612846879110e+03 1.097938599960117244e+03 1.084096925996547725e+03 9.253667672664093971e+02 8.131275956495026094e+02 7.421413106495137981e+02 8.725898564788769818e+02 8.703756497883039174e+02 7.490585482637918631e+02 8.200448332637806743e+02 9.787749919939278698e+02 9.961771540849442772e+02 1.108416325701836286e+03 1.119523087408304946e+03 9.607929286781668452e+02 8.485537570612600575e+02 9.396011486943925775e+02 8.328313501530708436e+02 9.656667935155192026e+02 9.442602930562970869e+02 8.785121085526329807e+02 7.921425985889409276e+02
0.000000000000000000e+00 1.353882530180936101e+03 1.195152371450798000e+03 1.353882530180936101e+03 1.431933674373582562e+03 1.321924652709130896e+03 1.250938367709145950e+03 1.110364068794219747e+03 9.516339100640816469e+02 1.046140262719994553e+03 8.874101039898564522e+02 1.018080469815776951e+03 9.715894827025365430e+02 1.130319641432674871e+03 1.210177771577017211e+03 1.051447612846879110e+03 9.392084412299789165e+02 1.026952314960128206e+03 9.905371191076692412e+02 9.574395930668656547e+02 8.725898564788769818e+02 7.138596977487297863e+02 7.116454910581567219e+02 8.703756497883039174e+02 9.555892317230918707e+02 1.021337416226755977e+03 8.839379824680374895e+02 1.029051246336761778e+03 1.171050480523550505e+03 1.051840320311290270e+03 8.931101615811521697e+02 7.808709899642453820e+02 7.411884502817079010e+02 8.509334185477014216e+02 9.166816030513655278e+02 8.906399869678837149e+02 8.638096931669799687e+02
0.000000000000000000e+00 1.300972477270888703e+03 1.142242318540750603e+03 1.233289710173878120e+03 1.299037894677538588e+03 1.207455331139783993e+03 1.207455331139783993e+03 1.176112253297880216e+03 1.048104978274165205e+03 8.893748195440271047e+02 9.919853924657218158e+02 8.593503110856298690e+02 9.509932109569929253e+02 1.109723369687131253e+03 1.256668758690255345e+03 1.097938599960117244e+03 1.026952314960128206e+03 8.682221562299901052e+02 8.318069603775220457e+02 7.987094343367184592e+02 9.125439244201036217e+02 8.449584825176566483e+02 6.862283237875094528e+02 8.259865998298100749e+02 7.968590729929446752e+02 8.784582231307585971e+02 8.045729031029629823e+02 9.633030618331101778e+02 1.062557874321610598e+03 9.465721372897517085e+02 9.465721372897517085e+02 9.396011486943925775e+02 8.509334185477014216e+02 6.922032598175542262e+02 8.069095934504634897e+02 7.319098282377365194e+02 7.050795344368327733e+02
0.000000000000000000e+00 1.338720434360073341e+03 1.233289710173878120e+03 1.074559551443740020e+03 1.233289710173878120e+03 1.193838436278374502e+03 1.048725172409645893e+03 1.193838436278374502e+03 1.113853162777825673e+03 9.919853924657218158e+02 8.332552337355746204e+02 9.919853924657218158e+02 1.083828654319428551e+03 1.175471554190791721e+03 1.239581253566493615e+03 1.080851094836355514e+03 9.686119232194553206e+02 1.026952314960128206e+03 9.440461319944288334e+02 8.660529373068632140e+02 7.538137656899564263e+02 7.253049875904698638e+02 8.259865998298100749e+02 6.672564410996629931e+02 8.074719381307697859e+02 7.197280644006114017e+02 8.784582231307585971e+02 1.014313597061231121e+03 9.968096898179589971e+02 8.380795310878118016e+02 7.878419785596045131e+02 9.329552424283413075e+02 9.166816030513655278e+02 8.069095934504634897e+02 6.481794347203162943e+02 6.196706566208297318e+02 5.928403628199259856e+02
0.000000000000000000e+00 1.272972249856412873e+03 1.114242091126274772e+03 1.034877011761204813e+03 1.145748226907576736e+03 1.117688434003350267e+03 9.693600930445757058e+02 1.043245413072362226e+03 1.087852798268988863e+03 9.291226395388507626e+02 8.168834679219439749e+02 9.756136266520911704e+02 1.026451646644962693e+03 1.092199831148623161e+03 1.171564910513697669e+03 1.193090266453254117e+03 1.127342081949593648e+03 1.168524475228227402e+03 1.090531280540662010e+03 9.782921089237677279e+02 9.125439244201036217e+02 8.840351463206170592e+02 8.917347843334744084e+02 7.609809510175293781e+02 6.487417794006225904e+02 7.898352538274198196e+02 7.898352538274198196e+02 8.847555452668677844e+02 9.505037297705318906e+02 8.672070579246772013e+02 7.084768991945300058e+02 7.995242908276625258e+02 8.652724753313266319e+02 8.726577779541275959e+02 8.069095934504634897e+02 7.784008153509769272e+02 7.156252188788182593e+02
0.000000000000000000e+00 1.338720434360073341e+03 1.259355354995003381e+03 1.145748226907576736e+03 9.870180681774384084e+02 9.589582752732119388e+02 1.043245413072362226e+03 8.845152543422241251e+02 1.011177078324683862e+03 9.595794592782474410e+02 8.008493005481002456e+02 9.416068079426199802e+02 8.677214879148243654e+02 9.470865672798988726e+02 1.105816726010037200e+03 1.211797151470047538e+03 1.132474741138449190e+03 1.066726556634788722e+03 1.054832469433992628e+03 9.890842849303412549e+02 9.750427963209676818e+02 1.017718589000888869e+03 9.854592942513406797e+02 8.732201226344338920e+02 7.898352538274198196e+02 6.311050950972726241e+02 7.725163736499609968e+02 7.260253865367205890e+02 8.847555452668677844e+02 9.329552424283413075e+02 7.995242908276625258e+02 6.407941320975153303e+02 7.434047050192100414e+02 7.848527213958398079e+02 8.506009058995039140e+02 8.073792195679159249e+02 6.486490608377687295e+02
0.000000000000000000e+00 1.349630298395834870e+03 1.190900139665696770e+03 1.078660968048796349e+03 1.145748226907576736e+03 1.032699728630379468e+03 9.204605570134790469e+02 1.011177078324683862e+03 8.524469195945366664e+02 8.308464809456563671e+02 9.416068079426199802e+02 7.828766492124727847e+02 8.951158208293795724e+02 1.053845979559517673e+03 1.171564910513697669e+03 1.124053277739889381e+03 9.873188082362489695e+02 9.079963979046503937e+02 9.371239247415157934e+02 8.303541262001940595e+02 8.163126375908204864e+02 8.589884302707416737e+02 8.589884302707416737e+02 9.247366147744057798e+02 8.555834383310839257e+02 7.725163736499609968e+02 6.137862149198139150e+02 7.260253865367205890e+02 8.847555452668677844e+02 9.641374059953905089e+02 8.652724753313266319e+02 7.434047050192100414e+02 5.846745462890628460e+02 6.261225626656926124e+02 7.589580060281409715e+02 8.048331528395008263e+02 6.486490608377687295e+02
0.000000000000000000e+00 1.396121285509072550e+03 1.237391126778934449e+03 1.237391126778934449e+03 1.257178071864178037e+03 1.144938900247277616e+03 1.079190715743617147e+03 1.076925262828335235e+03 1.011177078324683862e+03 9.895766396758035626e+02 9.293605103265815615e+02 7.706303515964344797e+02 9.293605103265815615e+02 1.062335375577818468e+03 1.170544264853135701e+03 1.011814106122997373e+03 8.995749345060905853e+02 8.285886495061017740e+02 7.783937660113685979e+02 7.387112263288311169e+02 7.040734659739136987e+02 8.169821747683790818e+02 7.002582715405944782e+02 8.537503297744169686e+02 9.102705446265649698e+02 7.605854843165834609e+02 6.018553255864363791e+02 7.140944972033430531e+02 8.728246559334902486e+02 8.054072472652433134e+02 8.054072472652433134e+02 8.091528895228741476e+02 6.932098215244768653e+02 5.344796627943296699e+02 6.491859964272389334e+02 7.149341809309030396e+02 5.803548096056895247e+02
0.000000000000000000e+00 1.320939906203383089e+03 1.255191721699722621e+03 1.255191721699722621e+03 1.265374259786532548e+03 1.199626075282872080e+03 1.157458678121080084e+03 1.065815778249717368e+03 1.000067593746065768e+03 9.660974707063214737e+02 9.003492862026571402e+02 7.584919529789451644e+02 8.378570323440196717e+02 9.965871910741668671e+02 1.138867588540800625e+03 1.124053277739889381e+03 1.053066992739900343e+03 9.873188082362489695e+02 9.371239247415157934e+02 8.974413850589783124e+02 7.704911876551386740e+02 6.582520160382318863e+02 6.292719865406056670e+02 7.510981329711298713e+02 7.980313730096581821e+02 6.857922013927536682e+02 5.900570058047360362e+02 7.022961774216428239e+02 8.610263361517900194e+02 8.054072472652433134e+02 6.466770885350961180e+02 7.050174802757780981e+02 7.378915725276101512e+02 6.491859964272389334e+02 4.904558376970917379e+02 6.082020456737225231e+02 6.031875692958928994e+02
0.000000000000000000e+00 1.255191721699722621e+03 1.096461562969584520e+03 1.096461562969584520e+03 1.173731359915174835e+03 1.040895916552733979e+03 1.091710493617419615e+03 9.329803348872815150e+02 8.413374350159185724e+02 9.003492862026571402e+02 7.416191274725100584e+02 9.003492862026571402e+02 9.829702962127564660e+02 1.062335375577818468e+03 9.801374298106622973e+02 1.092376601427554306e+03 1.116246027291144856e+03 1.036880947926070348e+03 9.711327634224189751e+02 9.949695308889499756e+02 8.827303592720431880e+02 8.169821747683790818e+02 7.510981329711298713e+02 5.923679742409826758e+02 7.160405056457839237e+02 5.735530297758468805e+02 7.322831885059940760e+02 8.145353490385473378e+02 9.039162972713972977e+02 7.451861385412501022e+02 7.050174802757780981e+02 5.462873215456309026e+02 5.791614137974629557e+02 6.205294070665138406e+02 6.082020456737225231e+02 4.494718869435754982e+02 4.444574105657457608e+02
