steady_state.asc
ncols 115
nrows 34
xllcorner 0.0
yllcorner 0.0
cellsize 100.0
[rows 17 to 33 of 34, columns 74 to 110 of 115]
6.328211158387184696e+02 4.740909571085487642e+02 5.860141456308131183e+02 5.474907524208340419e+02 6.803261957833026372e+02 7.561807550446915229e+02 5.974505963145443275e+02 5.140555969016797917e+02 4.018164252847731177e+02 3.778869534928877556e+02 3.547337802392544290e+02 4.364253185657088352e+02 5.486644901826102796e+02 5.664139706156922784e+02 6.321621551193563846e+02 6.698239635513771191e+02 6.283839222999129106e+02 5.626357377962488044e+02 5.476288611754093836e+02 4.818806766717495975e+02 4.589479978905643520e+02 3.261125545281122413e+02 3.467088262736564275e+02 5.054389850038080567e+02 5.459051619293666135e+02 4.801569774257069412e+02 5.459051619293666135e+02 4.186029191245780794e+02 2.598727603944264501e+02 3.476166341245872218e+02 4.133648186282532606e+02 3.978077630633885065e+02 3.320595785597223539e+02 2.758086634797890611e+02 2.003463510179988702e+02 4.161619228784276459e+01 3.489057961154063037e+01
6.328211158387184696e+02 5.860141456308131183e+02 4.272839869006434128e+02 4.558478525494595033e+02 6.093399107833067774e+02 6.851638865477532363e+02 7.385339401354910933e+02 6.262947685185845330e+02 5.140555969016797917e+02 5.366171122230348374e+02 4.364253185657088352e+02 3.241861469487989780e+02 4.541747989987868550e+02 4.076838118855450830e+02 5.664139706156922784e+02 5.110938048212075842e+02 5.369885201889023847e+02 6.027367046925760405e+02 6.114112526085862100e+02 5.456630681049443865e+02 5.505908977619235429e+02 4.848427132582638706e+02 5.054389850038080567e+02 5.711871695074678428e+02 6.549241600039097193e+02 6.084331728906624903e+02 5.773330778547251612e+02 4.186029191245780794e+02 3.392378397595031174e+02 4.843511036282441182e+02 5.187303160891667630e+02 3.600001573590195676e+02 3.600001573590195676e+02 2.518452148690340380e+02 9.311505613887791810e+01 2.003463510179988702e+02 1.471297512284520508e+02
7.447443043609828237e+02 5.860141456308131183e+02 5.435917262796333489e+02 3.848615675494636434e+02 4.606855433139101024e+02 5.729247149308355347e+02 5.859524463809214012e+02 6.517006308845948297e+02 6.727857556318269872e+02 6.609036617995202505e+02 5.486644901826102796e+02 4.541747989987868550e+02 2.954446402686352258e+02 4.541747989987868550e+02 5.575847919344546426e+02 3.988546332042850509e+02 3.782583614587327929e+02 5.110938048212103126e+02 5.197683527372205390e+02 3.869329093747747947e+02 5.197683527372205390e+02 5.014580239038494938e+02 5.188214841802325736e+02 5.845696686839062295e+02 4.961940012737401275e+02 4.497030141604927849e+02 5.619421857774182172e+02 5.637161829933145327e+02 4.979679984896547467e+02 5.637161829933145327e+02 4.722393289759294248e+02 3.135091702457777956e+02 2.012699986288679952e+02 1.510751151341327727e+02 2.518452148690340380e+02 3.175933993726955578e+02 3.058599099586036800e+02
7.176515338233582497e+02 7.023218850098030543e+02 5.435917262796333489e+02 4.606855433139101024e+02 3.484463716969922871e+02 4.737132747639990384e+02 4.272222876507516958e+02 5.859524463809214012e+02 7.104077856664225692e+02 6.251606730211021841e+02 5.594124885174378505e+02 4.350659334296177576e+02 2.763357746994661284e+02 4.350659334296177576e+02 5.489944862068907696e+02 4.453456203175323935e+02 2.866154615873672356e+02 3.776628532205158990e+02 4.434110377241876222e+02 2.952900095034092374e+02 4.166131852014942751e+02 3.427278651736843358e+02 3.600913254500629819e+02 4.825771064123350698e+02 4.168289219086634603e+02 3.374638425435749696e+02 4.961940012737401275e+02 5.814708858889548537e+02 5.157227013853132576e+02 5.157227013853132576e+02 4.896027892523050014e+02 3.308726305221533721e+02 3.600001573590195676e+02 2.427180150054996375e+02 3.755534583679504976e+02 3.916796348351570032e+02 3.259314503314852800e+02
5.589213750932110543e+02 6.711605467101157956e+02 6.851638865477532363e+02 5.729247149308355347e+02 4.737132747639990384e+02 3.149831160338338805e+02 4.737132747639990384e+02 5.811647188710337559e+02 6.433205268076364973e+02 4.859294424326111539e+02 4.006823297872907688e+02 4.163594048267996186e+02 2.576292460966479894e+02 3.902643274767435742e+02 3.902643274767435742e+02 5.110938048212103126e+02 3.776628532205158990e+02 2.189326944903507979e+02 3.215432674120610272e+02 2.304886935567665773e+02 2.578830264713291172e+02 2.304886935567665773e+02 3.892188522869316785e+02 3.568345611135499666e+02 2.580987631784983023e+02 4.168289219086634603e+02 5.619421857774182172e+02 5.157227013853132576e+02 3.569925426551435521e+02 3.569925426551435521e+02 4.692317142720435186e+02 4.896027892523050014e+02 4.671963582393173056e+02 4.014481737356512667e+02 4.297918275832923882e+02 3.259314503314852800e+02 1.672012916013201789e+02
4.466822034763043803e+02 6.001742617101249380e+02 6.736573077949560684e+02 5.435529105165353485e+02 3.848227517863657567e+02 2.931798519149937192e+02 4.224345601408641642e+02 4.224345601408641642e+02 5.775723423039721638e+02 4.188421835738250820e+02 3.271992837024595246e+02 2.710796978940054487e+02 3.650085406775144747e+02 2.315341687465920018e+02 3.902643274767435742e+02 5.044869466359933767e+02 4.434110377241685228e+02 3.215432674120610272e+02 1.628131086818959261e+02 2.700444035610217384e+02 1.456438548544113587e+02 3.043740135845764598e+02 3.066396776188147442e+02 1.981044023833848655e+02 3.568345611135499666e+02 4.168289219086634603e+02 5.755590806388331657e+02 5.157227013853132576e+02 3.569925426551435521e+02 2.447533710382257937e+02 3.358007626713734908e+02 4.015489471750260009e+02 3.919203484798348427e+02 4.576685329835064522e+02 3.640436430796263494e+02 2.053134843494747201e+02 1.259484049843968592e+02
3.756959184763135227e+02 4.491789645611447668e+02 6.079091232912919622e+02 6.093010950202090044e+02 5.176581951488369668e+02 4.224345601408641642e+02 2.637044014106990062e+02 4.224345601408641642e+02 5.344931552288576313e+02 5.516776269362708263e+02 4.859294424326111539e+02 3.650085406775144747e+02 2.062783819473628455e+02 3.422162181817136570e+02 2.800086034021757087e+02 3.922477750190835195e+02 4.331542627822643681e+02 2.744241040521127388e+02 2.700444035610217384e+02 1.113142448308611137e+02 1.082307976487745833e+02 2.626158525215749933e+02 1.479095188886496430e+02 3.066396776188147442e+02 3.277070342766812701e+02 4.864371930068464280e+02 5.693984832317280507e+02 5.036502987280819070e+02 4.692317142720435186e+02 3.358007626713734908e+02 1.770706039412083328e+02 2.796811768629186190e+02 2.331901897496696847e+02 3.919203484798348427e+02 4.297918275832923882e+02 3.303474976611019542e+02 2.387045977897337821e+02
3.195763326678594467e+02 4.318155042847693039e+02 5.905456630149164994e+02 5.941975412815984328e+02 4.354673825514287273e+02 3.232282109345109120e+02 2.438631315694285604e+02 3.757629964986879259e+02 3.757629964986879259e+02 4.794451020133259362e+02 4.946111725707997948e+02 3.358810138406481656e+02 3.422162181817136570e+02 1.834860594515620278e+02 1.677694317852658514e+02 3.046963263965782289e+02 3.445561629737783278e+02 2.744241040521217769e+02 1.156939453219566332e+02 2.700444035610217384e+02 2.626158525215749933e+02 1.038856937914098495e+02 2.626158525215749933e+02 2.775121507819460476e+02 4.362423095121112055e+02 5.521853775105244040e+02 5.036502987280819070e+02 3.449201399979167491e+02 3.914111271111640917e+02 4.015489471750260009e+02 2.796811768629186190e+02 1.209510181327534610e+02 2.338597269272254948e+02 2.996079114308870430e+02 3.007089122704700230e+02 2.645993131574430777e+02 1.058691544272779339e+02
4.203464324027570456e+02 5.440546759016708620e+02 6.290867187950632342e+02 5.633385342913898057e+02 5.477065541683541596e+02 4.683414748032462285e+02 3.757629964986879259e+02 2.170328377685228247e+02 3.498424701200294749e+02 3.207149432831607783e+02 4.794451020133259362e+02 4.946111725707997948e+02 4.079644026853796959e+02 3.422162181817136570e+02 3.046963263965782289e+02 1.459661676664266565e+02 2.788079784701067183e+02 1.200778197399415888e+02 2.744241040521217769e+02 3.209934122244268337e+02 2.552452277207550821e+02 1.008303646082649010e+02 2.130695362251810820e+02 3.717996949553462400e+02 5.019904940157828150e+02 5.650633105816152693e+02 5.036502987280819070e+02 3.449201399979167491e+02 2.326809683809989338e+02 3.165850126998910810e+02 3.454293613665711291e+02 2.338597269272300139e+02 7.512956819706937495e+01 1.914373075760520635e+02 1.419787535403049503e+02 2.458389902617790312e+02 1.759100756970417763e+02
3.514076109661334613e+02 5.101377696962850905e+02 5.374438189236911967e+02 4.046083755612201003e+02 5.075095809700428617e+02 4.417613964663712522e+02 3.906486164865900719e+02 3.249004319829375618e+02 1.911123113898643737e+02 3.498424701200294749e+02 4.261871873618088102e+02 4.261871873618088102e+02 4.919353718654804197e+02 4.327935485250776537e+02 3.534284691599964390e+02 2.831952006353668594e+02 1.244650419052017298e+02 2.788079784701067183e+02 3.166813025028064885e+02 2.509331179991303884e+02 9.651506899059003786e+01 2.552452277207550821e+02 2.130695362251810820e+02 3.717996949553462400e+02 5.185723234683391638e+02 4.063331518514455638e+02 5.185723234683391638e+02 4.571593116148166018e+02 3.165850126998910810e+02 1.578548539697259230e+02 2.543259221798294902e+02 2.614059344524340531e+02 1.914373075760520635e+02 3.270714884589141747e+01 2.973958192338873374e+01 1.800908057581156356e+02 2.136064702795498960e+01
3.762981594304939108e+02 4.595408159355996531e+02 4.664575339236889704e+02 3.129654756898480628e+02 4.417613964663712522e+02 2.830312377362060943e+02 3.249004319829375618e+02 1.661702732527724322e+02 3.203597211282500439e+02 3.171528876534810024e+02 2.674570286316436523e+02 2.674570286316436523e+02 4.261871873618088102e+02 3.670453640214059305e+02 2.083152052912408294e+02 1.289501259261596147e+02 2.831952006353668594e+02 3.489433851390384689e+02 2.509331179991303884e+02 9.220295926896974947e+01 2.466265666571432575e+02 3.123747511608194145e+02 3.717996949553462400e+02 4.375478794589987501e+02 4.528241389646929065e+02 2.940939802345277485e+02 3.611812390933272354e+02 4.269294235969798592e+02 3.823331972035435911e+02 2.543259221798294902e+02 9.559576344966885131e+01 1.956577499487770524e+02 3.692759121861640637e+01 1.914373075760520635e+02 1.842751658711550249e+02 2.554500714099437886e+01 1.800908057581156356e+02
3.505992326195247415e+02 3.008106572054344952e+02 3.440068987669023954e+02 2.419791906898522029e+02 3.374294314836266722e+02 3.295222248494534369e+02 1.707920661192882790e+02 3.203597211282500439e+02 1.616295623980848859e+02 1.584227289233159297e+02 1.552178570147258654e+02 3.094220955186035553e+02 3.751702800222752785e+02 4.327935485250776537e+02 2.908555229421025388e+02 1.321253642119374661e+02 2.908555229421025388e+02 3.805357498924275887e+02 2.218055911622624592e+02 2.466265666571432575e+02 8.789640792698261862e+01 2.466265666571432575e+02 3.484968015835920596e+02 3.454671807671165880e+02 3.559431385969879784e+02 2.901949540933353546e+02 2.024510803631621343e+02 3.611812390933272354e+02 3.397358628061040235e+02 3.200741066834865478e+02 1.998819268964940932e+02 4.115176816633345425e+01 1.956577499487770524e+02 2.614059344524340531e+02 2.371852187812077375e+02 7.845506005104709857e+01 1.551476390342870957e+02
1.918690738893596688e+02 1.885714855885166514e+02 1.852767400367372375e+02 1.819848298947358387e+02 1.786992727534615426e+02 1.754207315440486923e+02 3.295222248494534369e+02 3.861079056319216534e+02 2.738687340150027012e+02 3.171528876534810024e+02 3.094220955186035553e+02 1.506919367884384826e+02 3.049062604101847000e+02 3.017182393098934199e+02 2.940326688509337600e+02 1.353025101207686021e+02 2.940326688509337600e+02 4.462839343960991982e+02 3.558233447350588676e+02 1.970931860048937665e+02 8.485401438797757123e+01 2.392894605725117287e+02 1.897666428534269016e+02 1.867370220369514300e+02 2.302005932982166314e+02 1.314647953631702535e+02 2.901949540933353546e+02 3.397358628061040235e+02 1.810057040759388656e+02 2.101332309128067948e+02 2.028789701982817633e+02 4.414881146811661949e+01 1.563879830850328290e+02 3.151181418151979869e+02 3.029334032848647666e+02 1.494413450510389794e+02 3.029334032848647666e+02
2.479886596978145121e+02 3.473016443186817241e+02 2.975159116536550528e+02 3.407149886249009114e+02 2.348188585619183755e+02 3.341508902742137934e+02 2.670636314154207867e+02 4.257937901455859446e+02 4.325988927451678592e+02 3.942669342209624119e+02 2.355367754907973108e+02 3.049062604101847000e+02 1.461761016800196273e+02 1.429880805797283472e+02 1.398019867467771178e+02 2.940326688509337600e+02 2.649051420140649498e+02 4.236353007442301077e+02 3.284290118204979763e+02 1.696988530903328183e+02 2.392894605725117287e+02 8.055930184235108982e+01 7.752747123651072059e+01 7.449785042003524893e+01 7.147043456805600670e+01 2.259315861642441519e+02 2.831510046024212670e+02 2.174028200987578430e+02 2.101332309128067948e+02 5.140307218264615585e+01 4.839636616916737211e+01 2.028789701982817633e+02 1.289936501704718808e+02 2.877238089006369819e+02 3.739196882848566474e+02 2.616805166679567947e+02 3.739196882848566474e+02
3.273537390628968069e+02 4.724670029316513364e+02 4.562460703838202107e+02 3.644214904552147800e+02 3.470580301788361339e+02 3.935490172920834766e+02 3.587065312867928242e+02 4.915419746492575541e+02 5.065061058378802272e+02 3.477759471077150693e+02 3.942669342209624119e+02 3.049062604101847000e+02 2.378190015513903859e+02 3.017182393098934199e+02 2.191670661118583325e+02 2.985321454769422189e+02 4.236353007442301077e+02 4.406681834374157916e+02 2.819380247072506336e+02 3.284290118204979763e+02 2.392894605725117287e+02 1.599243812074289508e+02 2.362576299666713453e+02 2.332280091501958736e+02 2.259315861642441519e+02 6.720142743407900809e+01 2.174028200987578430e+02 5.867266136859721115e+01 5.566054663332725738e+01 2.101332309128067948e+02 1.400392660405342440e+02 2.071265248993280181e+02 2.877238089006369819e+02 2.412328217873881044e+02 3.999629805175532056e+02 4.204106753981219526e+02 3.266439731790788983e+02
4.860838977930619649e+02 5.518320822967400545e+02 5.888998336890579139e+02 5.231516491853844855e+02 5.057881889090012919e+02 5.522791760222530684e+02 5.174366900169625296e+02 5.831848745206359581e+02 5.722542903415583169e+02 5.065061058378802272e+02 5.293846036440279477e+02 4.622973447852272102e+02 3.965491602815554870e+02 4.436454093456951568e+02 3.778972248420234337e+02 4.436454093456951568e+02 5.230104887107854665e+02 5.064163679410874011e+02 4.406681834374157916e+02 4.637678038063485246e+02 3.844027244412657183e+02 3.186545399375941088e+02 3.844027244412657183e+02 3.846617448944092530e+02 2.259315861642441519e+02 2.216664336650296718e+02 6.293627493486904712e+01 2.174028200987578430e+02 2.143907053634878821e+02 2.801388898671449397e+02 2.987694247706994020e+02 3.645176092743519121e+02 4.316048681331457146e+02 3.999629805175532056e+02 4.657111650212058294e+02 5.511223164128903136e+02 4.388831447959867091e+02
0.000000000000000000e+00 0.000000000000000000e+00 0.000000000000000000e+00 0.000000000000000000e+00 0.000000000000000000e+00 0.000000000000000000e+00 0.000000000000000000e+00 0.000000000000000000e+00 0.000000000000000000e+00 0.000000000000000000e+00 0.000000000000000000e+00 0.000000000000000000e+00 0.000000000000000000e+00 0.000000000000000000e+00 0.000000000000000000e+00 0.000000000000000000e+00 0.000000000000000000e+00 0.000000000000000000e+00 0.000000000000000000e+00 0.000000000000000000e+00 0.000000000000000000e+00 0.000000000000000000e+00 0.000000000000000000e+00 0.000000000000000000e+00 0.000000000000000000e+00 0.000000000000000000e+00 0.000000000000000000e+00 0.000000000000000000e+00 0.000000000000000000e+00 0.000000000000000000e+00 0.000000000000000000e+00 0.000000000000000000e+00 0.000000000000000000e+00 0.000000000000000000e+00 0.000000000000000000e+00 0.000000000000000000e+00 0.000000000000000000e+00
