steady_state.asc
ncols 115
nrows 34
xllcorner 0.0
yllcorner 0.0
cellsize 100.0
[rows 0 to 16 of 34, columns 74 to 110 of 115]
0.000000000000000000e+00 0.000000000000000000e+00 0.000000000000000000e+00 0.000000000000000000e+00 0.000000000000000000e+00 0.000000000000000000e+00 0.000000000000000000e+00 0.000000000000000000e+00 0.000000000000000000e+00 0.000000000000000000e+00 0.000000000000000000e+00 0.000000000000000000e+00 0.000000000000000000e+00 0.000000000000000000e+00 0.000000000000000000e+00 0.000000000000000000e+00 0.000000000000000000e+00 0.000000000000000000e+00 0.000000000000000000e+00 0.000000000000000000e+00 0.000000000000000000e+00 0.000000000000000000e+00 0.000000000000000000e+00 0.000000000000000000e+00 0.000000000000000000e+00 0.000000000000000000e+00 0.000000000000000000e+00 0.000000000000000000e+00 0.000000000000000000e+00 0.000000000000000000e+00 0.000000000000000000e+00 0.000000000000000000e+00 0.000000000000000000e+00 0.000000000000000000e+00 0.000000000000000000e+00 0.000000000000000000e+00 0.000000000000000000e+00
8.737432280003745291e+02 8.662797068416919046e+02 8.964149084988798677e+02 8.306667239952157615e+02 8.964149084988798677e+02 8.933377927454619112e+02 9.383254444048186542e+02 8.589603650397459660e+02 7.932121805360818598e+02 8.589603650397459660e+02 9.123288767200092479e+02 8.465806922163451418e+02 8.259844204708012967e+02 8.917326049744654028e+02 8.637323775599868441e+02 7.979841930563227379e+02 8.185804648018665830e+02 8.843286493055306892e+02 7.612397268766167144e+02 6.954915423729526083e+02 6.954915423729526083e+02 7.070029760358454496e+02 6.412547915321813434e+02 7.070029760358454496e+02 7.113217661073697400e+02 6.455735816037054065e+02 6.661698533492497063e+02 7.319180378529140398e+02 6.472882184849484020e+02 5.679231391198659367e+02 5.021749546161879607e+02 4.492649017061329459e+02 4.014059581223594932e+02 3.639929009167213962e+02 2.875158076632059192e+02 1.287856489330407612e+02 1.011542749718183813e+02
7.150130692702273336e+02 7.075495481115447092e+02 8.170498291338053605e+02 6.719365652650685661e+02 8.170498291338053605e+02 7.346076340153147157e+02 8.468468056322192297e+02 7.138471011710073526e+02 6.344820218059346644e+02 7.795952856746714588e+02 8.465806922163451418e+02 6.878505334861979463e+02 6.672542617406541012e+02 7.843672981949123368e+02 7.186191136912482307e+02 6.392540343261755424e+02 6.598503060717193875e+02 8.185804648018665830e+02 6.954915423729526083e+02 5.367613836428054128e+02 5.367613836428054128e+02 6.276378966707688960e+02 4.825246328020341480e+02 6.276378966707688960e+02 6.196788662360040689e+02 4.868434228735583247e+02 5.074396946191026245e+02 6.661698533492497063e+02 5.815400339812747461e+02 4.228098752511051543e+02 3.434447958860228027e+02 2.905347429759677880e+02 2.426757993921943353e+02 2.052627421865562383e+02 1.697695996865590473e+02 2.875158076632059192e+02 2.133934465887346050e+02
6.233701693988643910e+02 5.953103764946379215e+02 7.160967698490924249e+02 5.925714858999940589e+02 6.688594495116483358e+02 6.223684623984079280e+02 7.307781264559359897e+02 7.138471011710073526e+02 5.551169424408601571e+02 7.138471011710073526e+02 8.465806922163451418e+02 6.878505334861979463e+02 5.756113618692911587e+02 6.666587535024236786e+02 5.598889549611010352e+02 5.476111344548125999e+02 6.967929660856150349e+02 7.625411505892791411e+02 6.748952706274089905e+02 5.161651118972617951e+02 4.245222120258987388e+02 5.155696036590293261e+02 4.031595534369574807e+02 5.618897121671045625e+02 5.539306817323399628e+02 3.952005230021927673e+02 5.539306817323399628e+02 6.573987294482799371e+02 6.472882184849484020e+02 5.679231391198659367e+02 5.021749546161879607e+02 3.549149710091121506e+02 4.014059581223594932e+02 2.614124995579311417e+02 2.820087713034768058e+02 3.942479429203958716e+02 3.721236053188997630e+02
7.821003281290115865e+02 6.696057827358520171e+02 5.573666111189453432e+02 5.325771251048822705e+02 5.101292907815011404e+02 6.388622691140913048e+02 5.720479677257887943e+02 5.988509017296314596e+02 5.049220589461269810e+02 6.636522176762741765e+02 7.980734581642141166e+02 8.000897051031024603e+02 6.666587535024236786e+02 5.079285947722765968e+02 4.682460550897380926e+02 5.845537944687082472e+02 5.380628073554678394e+02 6.967929660856150349e+02 7.406434551310730967e+02 6.490005552597101541e+02 5.155696036590293261e+02 3.568394449288822443e+02 3.470399676285034047e+02 5.057701263586550340e+02 5.060717381485740134e+02 3.473415794184223842e+02 4.329203862144685218e+02 5.916505449446156035e+02 5.740706267977857351e+02 6.398188113014273313e+02 5.793933142429552845e+02 4.671541426260299659e+02 4.858908427917679091e+02 3.407775789230134933e+02 4.407389300336419637e+02 4.038763365156339660e+02 3.381281520119623565e+02
8.940841259696633188e+02 7.818449543527567585e+02 7.160967698490924249e+02 6.913072838350294660e+02 6.388622691140913048e+02 4.801321103839442230e+02 4.598087961088820066e+02 4.401207429994843778e+02 5.735951149304028149e+02 5.735951149304028149e+02 6.616281642722967717e+02 7.273763487759608779e+02 7.324069380060880121e+02 6.666587535024236786e+02 5.845537944687082472e+02 4.258236357385610518e+02 5.845537944687082472e+02 6.530636395520493807e+02 7.188118240557137142e+02 6.471794938459024706e+02 4.884493351157553889e+02 3.762101634988455316e+02 2.968450841337688644e+02 4.145912921104041970e+02 4.620479130513348309e+02 3.033177543211832017e+02 4.620479130513348309e+02 5.481759114300552937e+02 4.153404680676160297e+02 5.481759114300552937e+02 6.177841825282662285e+02 6.258843013561995576e+02 5.652559221568567409e+02 4.530167505399313086e+02 3.710022442637973654e+02 2.587630726468795501e+02 1.793979932817971985e+02
8.949534503542836319e+02 8.813365554928732308e+02 8.155883709892091247e+02 7.770906527294762327e+02 7.046104536177556383e+02 6.388622691140913048e+02 6.185389548390292020e+02 5.735951149304028149e+02 4.148649562002556195e+02 5.493889926553868008e+02 5.028980055421495763e+02 6.616281642722967717e+02 7.497030189956660706e+02 5.909728602655188752e+02 4.787336886486120875e+02 3.993686092835354202e+02 5.234610076587641743e+02 4.943334808219022989e+02 6.032995213023525594e+02 6.690477058060168929e+02 6.006885067326568333e+02 5.213234273675802797e+02 3.681003049971624250e+02 2.558611333802525962e+02 3.766475267347107092e+02 2.669025584687141190e+02 4.256327171988657483e+02 4.824277269264091501e+02 3.236975681962439921e+02 3.933058392944230945e+02 5.520359980245928000e+02 6.315615304209475198e+02 6.774950937737744425e+02 5.954805874976404994e+02 4.832414158807163176e+02 4.038763365156339660e+02 3.381281520119623565e+02
8.949534503542836319e+02 7.362232916241364364e+02 6.568582122590619292e+02 6.183604939993290373e+02 7.255917888784435945e+02 7.913399733821077007e+02 7.323252736605500104e+02 5.735951149304028149e+02 5.493889926553868008e+02 3.906588339252397191e+02 5.493889926553868008e+02 6.228085641352836319e+02 6.885567486389479654e+02 7.032120318824233891e+02 6.238469525173468355e+02 5.234610076587641743e+02 3.647308489286169788e+02 4.910603496854472496e+02 4.445693625722054776e+02 6.032995213023525594e+02 6.809165786015132653e+02 5.925786482309738403e+02 4.803394766140702359e+02 3.301565396214689372e+02 2.179173680045591368e+02 3.479060200545466159e+02 4.136542045582126548e+02 4.224333661312919048e+02 2.637032074011267468e+02 4.224333661312783761e+02 4.070831871871043859e+02 5.193223588040298182e+02 6.109652586754018557e+02 5.360319359471420739e+02 4.443890360757700364e+02 3.786408515720984269e+02 3.225212657636300264e+02
7.916786874654435451e+02 7.316843266703317568e+02 8.155883709892091247e+02 7.255917888784435945e+02 5.668616301482963991e+02 6.806961202316815616e+02 7.246214778237390419e+02 5.658913190935918465e+02 4.536521474766851725e+02 3.742870681116085052e+02 5.105693925183783222e+02 4.640784054051365501e+02 6.228085641352836319e+02 6.997444746850790125e+02 5.410143159549318170e+02 5.410143159549318170e+02 4.910603496854472496e+02 3.323301909552956204e+02 4.910603496854472496e+02 6.344255914882705838e+02 5.221864198713660699e+02 6.344255914882705838e+02 5.546348828552802388e+02 4.423957112383768617e+02 3.014150329413048439e+02 1.891758613243949867e+02 3.204816255916466616e+02 3.784095410340391936e+02 2.196793823038876212e+02 3.687293355979916214e+02 2.948440155701865706e+02 3.864869154415586081e+02 5.452170741717281999e+02 4.702837514434639843e+02 3.115535927132988263e+02 2.199106928419332689e+02 1.637911070334783972e+02
9.504088461955907405e+02 8.904144854004789522e+02 8.843219476085907900e+02 7.255917888784435945e+02 6.806961202316815616e+02 5.219659615015343661e+02 6.390115383714546624e+02 6.781304907104965878e+02 5.987654113454198068e+02 5.105693925183783222e+02 3.518392337882266929e+02 5.105693925183783222e+02 5.564948053403381891e+02 6.222429898440025227e+02 5.410143159549318170e+02 3.822841572247846216e+02 4.406245489654683070e+02 3.111189812797069862e+02 4.698491400098586155e+02 5.686774069846064776e+02 4.099472482544592822e+02 4.770345071132453540e+02 5.427826916169051401e+02 5.258933761751161455e+02 4.136542045582126548e+02 3.204816255916466616e+02 1.617514668614950324e+02 2.938409475504822694e+02 1.786954315503707562e+02 2.099991768678265203e+02 3.687293355979916214e+02 5.164446504549850943e+02 5.789310670766878957e+02 5.131828825730235621e+02 4.443890360757700364e+02 3.786408515720848982e+02 3.225212657636300264e+02
1.071586898028553605e+03 9.799439981571781573e+02 9.141958136535047288e+02 8.580762278450522444e+02 7.464443047353456677e+02 6.390115383714546624e+02 4.802813796413074670e+02 5.999348745684931146e+02 5.941412864176147650e+02 4.952955758731505966e+02 3.365654171429989674e+02 4.773229245375225673e+02 3.977646466101911074e+02 5.306000899726368516e+02 5.477556854704298530e+02 4.406245489654683070e+02 2.818943902353166777e+02 4.406245489654683070e+02 5.355973245135182879e+02 5.855697823486580091e+02 4.268396236185108137e+02 3.183043483830937248e+02 4.770345071132453540e+02 5.589589296348353855e+02 4.002287709046881901e+02 3.862298100953127005e+02 2.938409475504822694e+02 1.351107888203306970e+02 1.390128918678316268e+02 2.977430505979967847e+02 3.577144917248380125e+02 3.577144917248380125e+02 5.131828825730235621e+02 3.544527238428764804e+02 4.009437109561182524e+02 4.666918954597842912e+02 4.259893134795967171e+02
1.005838713524867671e+03 8.471085547946979659e+02 7.554656549233350233e+02 6.993460691148825390e+02 7.870899428450409232e+02 7.047597228751187686e+02 5.999348745684931146e+02 4.412047158383459191e+02 5.283931019139506589e+02 3.696629431838034634e+02 4.773229245375225673e+02 3.185927658073709949e+02 3.061217467388255500e+02 4.474812497494671106e+02 3.890255267402826576e+02 4.213756898356011789e+02 2.626455311054495496e+02 4.213756898356011789e+02 4.707311807677585875e+02 5.364793652714183736e+02 4.268396236185108137e+02 2.681094648883591844e+02 3.688795646232567833e+02 4.346277491269228221e+02 4.002287709046881901e+02 2.414986121745365608e+02 2.879895992877767412e+02 2.677458702004259976e+02 1.090157114702743399e+02 2.573247247353687044e+02 1.989843329946864401e+02 3.577144917248380125e+02 4.412951933577579666e+02 4.009437109561182524e+02 2.422135522259666232e+02 3.448241251476633806e+02 5.035542838778150099e+02
9.269166843609530133e+02 9.799439981571781573e+02 9.141958136535047288e+02 7.870899428450409232e+02 6.283597841148937277e+02 7.248308523249863811e+02 6.656830590721572207e+02 5.630308622688689866e+02 4.043007035387219048e+02 5.283931019139506589e+02 4.773229245375225673e+02 4.773229245375225673e+02 4.474812497494671106e+02 2.887510910193154814e+02 2.767863551233728003e+02 4.025378857372866150e+02 2.438077270071350426e+02 3.887482907289354443e+02 3.120010220376069583e+02 4.448364654000590690e+02 4.925878081221768525e+02 3.688795646232567833e+02 2.101494058931051541e+02 3.173807007722219851e+02 3.086823416555365611e+02 2.879895992877767412e+02 1.292594405576251120e+02 1.208467589702731573e+02 2.573247247353687044e+02 9.859456600521707514e+01 2.470031995169231891e+02 3.127513840205847373e+02 2.825650346276063374e+02 2.825650346276063374e+02 1.860939664175117514e+02 3.448241251476633806e+02 4.338276524374414294e+02
7.681865256307833079e+02 8.804256972477055569e+02 9.390067645967228600e+02 8.473638647253599174e+02 7.248308523249863811e+02 5.661006935948391856e+02 6.687112665165338967e+02 6.287790467725333201e+02 5.630308622688689866e+02 6.287790467725333201e+02 6.360530832676697628e+02 5.478710167389306207e+02 3.891408580087834252e+02 4.474812497494671106e+02 4.187382147239474079e+02 2.600080559937957787e+02 3.887482907289354443e+02 2.300181319987838151e+02 2.203581221662413441e+02 3.655517274769892992e+02 4.312999119806554518e+02 3.958783984330704016e+02 3.173807007722219851e+02 1.586505420420703842e+02 1.499521829253849319e+02 1.412927428366551794e+02 2.879895992877767412e+02 2.124896588416400505e+02 3.230729092390347432e+02 2.470031995169231891e+02 8.827304078676706922e+01 2.367465222192845431e+02 2.296549817175580870e+02 1.238348758974547081e+02 2.825650346276063374e+02 4.105723096513294195e+02 2.750974937072898570e+02
6.559473540138624230e+02 8.094394122477076507e+02 8.732585800930587538e+02 7.145284213629115584e+02 6.228855214915486158e+02 5.628911606964368275e+02 5.099811077863867013e+02 6.255103892187717065e+02 6.912585737224358127e+02 7.431803826995396776e+02 7.066011754690778162e+02 5.478710167389306207e+02 5.478710167389306207e+02 5.309773863408527177e+02 3.722472276107056359e+02 3.200024167889091586e+02 4.544964752326014832e+02 3.887482907289354443e+02 3.655517274769892992e+02 2.068215687468377268e+02 3.522780447784642774e+02 3.301302139294042490e+02 1.714000551992526766e+02 3.173807007722219851e+02 3.086823416555365611e+02 1.891516864204262447e+02 3.478818451505778739e+02 3.247288304585498508e+02 4.057333582470747615e+02 2.470031995169231891e+02 2.367465222192845431e+02 7.801636348912842323e+01 7.092482298740196711e+01 2.198204069428154526e+02 2.855685914464833672e+02 4.086215984957282217e+02 2.750974937072898570e+02
5.849610690138645168e+02 7.244640157100930082e+02 7.902122002137664367e+02 8.473638647253599174e+02 7.816156802216958113e+02 7.216213194265840229e+02 6.255103892187717065e+02 4.667802304886245111e+02 6.255103892187717065e+02 5.844502239693924821e+02 5.844502239693924821e+02 6.501984084730565883e+02 6.897075450709999132e+02 5.309773863408527177e+02 4.496050486821944787e+02 4.322415884058190159e+02 5.444807600227204603e+02 4.503965661793433810e+02 2.916664074491917518e+02 3.522780447784642774e+02 1.935478860483126482e+02 1.842747711620114046e+02 2.836392268161624770e+02 3.958783984330704016e+02 4.007918980606301602e+02 2.420617393304785878e+02 4.007918980606301602e+02 4.834589891887014801e+02 4.133648186282532606e+02 2.896565751293323956e+02 1.309264163991807663e+02 2.367465222192845431e+02 2.198204069428154526e+02 6.109024821265934690e+01 2.100604789761274844e+02 2.758086634797890611e+02 1.841432552619105820e+02
5.320510161038080241e+02 5.657338569799233028e+02 6.985693003423918981e+02 7.062209111510037474e+02 7.719690956546771758e+02 7.096897679314511151e+02 5.509596092013039197e+02 4.387204375843971320e+02 5.605465840149201995e+02 5.366171122230348374e+02 4.257200652392452866e+02 5.792121234730657306e+02 6.609036617995202505e+02 6.740833919160058940e+02 6.083352074123415605e+02 5.909717471359660976e+02 5.626357377962488044e+02 4.039055790661016090e+02 4.503965661793433810e+02 3.231505179415979683e+02 3.522780447784642774e+02 2.344696546567466271e+02 3.931998133868981995e+02 5.081175700499801451e+02 4.665400825642963127e+02 3.214268186955553119e+02 4.665400825642963127e+02 4.843511036282441182e+02 3.476166341245872218e+02 1.888864753944355925e+02 2.896565751293323956e+02 3.320595785597223539e+02 1.733294198295707815e+02 2.100604789761274844e+02 5.133032024597136456e+01 2.003463510179988702e+02 1.841432552619105820e+02
