steady_state.asc
ncols 115
nrows 34
xllcorner 0.0
yllcorner 0.0
cellsize 100.0
[rows 17 to 33 of 34, columns 0 to 36 of 115]
0.000000000000000000e+00 1.255191721699722621e+03 1.096461562969584520e+03 9.842223913526843262e+02 1.068126435671552827e+03 9.492530166813760388e+02 1.008937097507307953e+03 1.004441532005209410e+03 9.084246938747028253e+02 7.496945351445556298e+02 7.298532653032868893e+02 8.743002090916618272e+02 9.400483935953261607e+02 9.349855170525397625e+02 8.678982581937555096e+02 1.026628416923893838e+03 1.050497842787484387e+03 8.917676840573462869e+02 8.124026046922717796e+02 8.862879247200673944e+02 9.442399327935361271e+02 8.784917482898720209e+02 8.168463174747939775e+02 7.160405056457839237e+02 5.573103469156367282e+02 7.160405056457839237e+02 7.980313730096581821e+02 7.686392751981634319e+02 7.632547233604434496e+02 7.451861385412501022e+02 5.864559798111029068e+02 6.256524009107033635e+02 4.669222421805563386e+02 4.617992483363667588e+02 4.566868941585825041e+02 6.082020456737225231e+02 5.961030956026002059e+02
0.000000000000000000e+00 1.287776610566625550e+03 1.196133710695267837e+03 1.068126435671552827e+03 9.093962769414144987e+02 8.782667316813872276e+02 8.502069387771607580e+02 9.386933475015453041e+02 7.799631887713981087e+02 9.084246938747028253e+02 8.743002090916618272e+02 7.155700503615147454e+02 8.601594026412699350e+02 7.762553583223925671e+02 9.349855170525397625e+02 1.092376601427554306e+03 1.116246027291144856e+03 9.779308245914303370e+02 8.192006658612831416e+02 7.275577659899201990e+02 8.214866087734264966e+02 7.197615895597248254e+02 7.557193031584818073e+02 7.057080523933382210e+02 5.469778936631910256e+02 7.057080523933382210e+02 7.221482880849209778e+02 6.099091164680162365e+02 6.045245646302962541e+02 6.456433498116127794e+02 6.329469669243433145e+02 4.742168081941961759e+02 6.256524009107033635e+02 5.740384199532734328e+02 5.689260657754891781e+02 6.811652373923939194e+02 6.618512801062643121e+02
0.000000000000000000e+00 1.222028426062965082e+03 1.063298267332826981e+03 9.716553674614690408e+02 1.068126435671552827e+03 1.035240695194207092e+03 8.765105364640687640e+02 8.117092205174278661e+02 9.386933475015453041e+02 1.004441532005209410e+03 9.400483935953261607e+02 8.601594026412699350e+02 7.014292439111227395e+02 8.601594026412699350e+02 9.663246322495942877e+02 1.032072816753245661e+03 1.114709954459128767e+03 1.043679009095081710e+03 9.337257803903332842e+02 7.749956216601860888e+02 6.627564500432793011e+02 6.281186896883618829e+02 5.969891444283346118e+02 6.954406519591616416e+02 5.367104932290145598e+02 6.954406519591616416e+02 6.564001035812566442e+02 4.976699448511096193e+02 4.922853930133894664e+02 4.869131910814656976e+02 4.815501960148032481e+02 6.329469669243433145e+02 6.038194400874779149e+02 7.327685786834206283e+02 7.276562245056363736e+02 7.544978999990207740e+02 6.358396625853063142e+02
0.000000000000000000e+00 1.215230364893954174e+03 1.056500206163816074e+03 1.130385526191607369e+03 1.147479866811113880e+03 9.887497080809755516e+02 1.023349432157611886e+03 8.646192734274779923e+02 1.023349432157611886e+03 1.078091294960830055e+03 9.626478581179558205e+02 8.039176993878086250e+02 6.916785277709018374e+02 8.367220003563124919e+02 8.075944735194470923e+02 8.902316112253299707e+02 9.573188700841142236e+02 1.023067054587759344e+03 9.337257803903332842e+02 7.749956216601860888e+02 8.214866087734264966e+02 7.868488484185090783e+02 7.132968838073059032e+02 5.545667250771587078e+02 5.265069321729322382e+02 6.640414352510833851e+02 5.053112765209363033e+02 6.564001035812566442e+02 6.510155517435366619e+02 6.456433498116127794e+02 5.020421713915615101e+02 6.607723301217085918e+02 7.625495988176251103e+02 8.282977833212892165e+02 8.192992159456616719e+02 6.887497154953566678e+02 5.300195567652094724e+02
0.000000000000000000e+00 1.280978549397614643e+03 1.148143106035173787e+03 1.280978549397614643e+03 1.213228051314774348e+03 1.147479866811113880e+03 9.942219053207597881e+02 9.768584450443847800e+02 1.089097616661276788e+03 1.012343110457178682e+03 8.536129517270314864e+02 9.161568710047131390e+02 8.367220003563124919e+02 6.779918416261652965e+02 8.367220003563124919e+02 7.779924396084231830e+02 7.985887113539670281e+02 9.573188700841142236e+02 9.994739648939973904e+02 9.337257803903332842e+02 9.552203126596864422e+02 8.894721281560223360e+02 7.790450683109700094e+02 7.132968838073059032e+02 6.717005374836762712e+02 5.129703787535291895e+02 6.640414352510833851e+02 7.297896197547477186e+02 6.928406648693960506e+02 5.341105061392488551e+02 6.607723301217085918e+02 5.814072507566359036e+02 6.936464223735426913e+02 8.523765811036898867e+02 7.535510314419975657e+02 5.948208727118503703e+02 6.887497154953566678e+02
0.000000000000000000e+00 1.372621449268972356e+03 1.306873264765311887e+03 1.365298818979967109e+03 1.299550634476306641e+03 1.218700248554558584e+03 1.152952064050898116e+03 1.135588603774523108e+03 1.141945742350451383e+03 9.832155836203132822e+02 9.207002105858157393e+02 7.619700518556685438e+02 7.058504660472160595e+02 6.684374088415809183e+02 8.271675675717281138e+02 6.863495397370602404e+02 8.450796984672074359e+02 8.918206967658402391e+02 9.575688812695043453e+02 1.001711299772929124e+03 8.429811410427819283e+02 7.307419694258751406e+02 7.268429432846705822e+02 5.681127845545233868e+02 5.222913346188414607e+02 6.717005374836762712e+02 7.374487219873406048e+02 8.163797829816103331e+02 7.159938381230288087e+02 5.572636793928816132e+02 7.159938381230288087e+02 7.401374094867830991e+02 6.936464223735426913e+02 8.523765811036898867e+02 8.064610843520476919e+02 6.477309256219004965e+02 8.064610843520476919e+02
0.000000000000000000e+00 1.482776091093192008e+03 1.324045932363053907e+03 1.211806760746153486e+03 1.140820475746168540e+03 1.220185555111236681e+03 1.179201604357724136e+03 1.244949788861384604e+03 1.207693926854111851e+03 1.096797823563647398e+03 9.394067391886330824e+02 7.806765804584858870e+02 8.179415644968223660e+02 6.592114057666751705e+02 7.921696455571573097e+02 6.334394868270101142e+02 7.795815251489334514e+02 7.330905380356930436e+02 8.918206967658402391e+02 9.501269437940995886e+02 9.552203126596864422e+02 7.978292282846593935e+02 6.390990695545121980e+02 6.876875334373344231e+02 5.289573747071872276e+02 6.206002745785501702e+02 7.793304333086973656e+02 7.506315984779462269e+02 5.919014397477990315e+02 7.159938381230288087e+02 7.817420226266929149e+02 8.827592457855255361e+02 8.523765811036898867e+02 9.181247656073539929e+02 8.722092688557117981e+02 7.270960049869750037e+02 8.722092688557117981e+02
0.000000000000000000e+00 1.529267078206429687e+03 1.370536919476291587e+03 1.311828454982594394e+03 1.153098296252456294e+03 1.061455396381098581e+03 1.020471445627585808e+03 1.126291551447674010e+03 1.143288810676893718e+03 9.845586519467556172e+02 8.723194803298488296e+02 9.394067391886330824e+02 8.179415644968223660e+02 8.049813013074940500e+02 6.462511425773468545e+02 7.795815251489334514e+02 6.208513664187863696e+02 7.671488195935698968e+02 8.328970040972340030e+02 7.913967850639523931e+02 8.499134209520061631e+02 8.635774127883234996e+02 7.978292282846593935e+02 6.943831610660577098e+02 5.356530023359106281e+02 6.943831610660577098e+02 8.450786178123614718e+02 8.163797829816103331e+02 7.506315984779462269e+02 6.288054520474220226e+02 6.582809025517142345e+02 8.170110612818614300e+02 9.219010907237352512e+02 9.876492752273993574e+02 9.515743482207863053e+02 8.858261637171221992e+02 9.515743482207863053e+02
0.000000000000000000e+00 1.450844709216142292e+03 1.385096524712481823e+03 1.377576639486254862e+03 1.285933739614897149e+03 1.220185555111236681e+03 1.126291551447674010e+03 9.675613927175356821e+02 1.126291551447674010e+03 1.096797823563647398e+03 1.031049639059986930e+03 1.042419907730621162e+03 9.345839332007758458e+02 7.758537744706286503e+02 7.584903141942536422e+02 8.453297096525977850e+02 7.671488195935698968e+02 6.084186608634227014e+02 7.548659111406477678e+02 6.791576134470456054e+02 6.911832622218589677e+02 8.034224338387637090e+02 7.764341555342923584e+02 7.010967314539591371e+02 5.423665727238120553e+02 6.546057443407187293e+02 8.133359030708659247e+02 8.791785106489321606e+02 7.204483519187849652e+02 7.875356107775692180e+02 8.170110612818614300e+02 7.031765711984762675e+02 7.631709319935880558e+02 8.548138318649509984e+02 1.013543990595098194e+03 9.973739318362725044e+02 8.386437731061027989e+02
0.000000000000000000e+00 1.385096524712481823e+03 1.226366365982343723e+03 1.272857353095581402e+03 1.331732107261212604e+03 1.204689339516066411e+03 1.045959180785928311e+03 9.337200091690281170e+02 1.047554499252404185e+03 1.113302683756064653e+03 1.045378698155363054e+03 9.796305136517114533e+02 9.630817506313096601e+02 9.345839332007758458e+02 9.172204729244008377e+02 8.793879912104766845e+02 7.206578324803294890e+02 7.548659111406477678e+02 5.961357524105005723e+02 5.875147135756825492e+02 5.789440906049522937e+02 7.276050194986626138e+02 7.106859710306280249e+02 5.519558123004809431e+02 7.010967314539591371e+02 6.340094725951751116e+02 7.927396313253223070e+02 9.449266951525962668e+02 8.326875235356917528e+02 9.449266951525962668e+02 9.004044481883563549e+02 7.416742894582091594e+02 9.004044481883563549e+02 9.876492752273993574e+02 1.079292175098749794e+03 9.508829447230236838e+02 7.921527859928539783e+02
0.000000000000000000e+00 1.385096524712481823e+03 1.226366365982343723e+03 1.114127194365443302e+03 1.201871068095596456e+03 1.107253764027414036e+03 1.071760621527419516e+03 9.130304627972814160e+02 8.888243405222660840e+02 1.020913821211250024e+03 9.796305136517114533e+02 8.209003549215642579e+02 8.043515919011624646e+02 9.399285773776769020e+02 1.005676761881341008e+03 9.451361757141407907e+02 8.793879912104766845e+02 8.206140956443118739e+02 7.548659111406477678e+02 5.972726705792250641e+02 7.276050194986626138e+02 5.688748607685155321e+02 5.617903870752230659e+02 7.106859710306280249e+02 5.987627825083820881e+02 7.574929412385517935e+02 7.462486442120818992e+02 9.049788029422290947e+02 9.914176822658389483e+02 9.752305625996261824e+02 8.165004038694789870e+02 9.004044481883563549e+02 8.539134610751159471e+02 1.012643619805263143e+03 9.941225768418005373e+02 9.283743923381271088e+02 8.977130201942093208e+02
0.000000000000000000e+00 1.431587511825719503e+03 1.272857353095581402e+03 1.201871068095596456e+03 1.043140909365458356e+03 1.107253764027414036e+03 9.485236052972759353e+02 1.071760621527419516e+03 1.020913821211250024e+03 8.621836624811028287e+02 8.449669594796232559e+02 9.796305136517114533e+02 9.399285773776769020e+02 7.811984186475297065e+02 9.399285773776769020e+02 9.370840203305356226e+02 7.783538616003884272e+02 6.867109617290254846e+02 6.157246767290365597e+02 7.560028293093721459e+02 7.933532040023269474e+02 7.276050194986626138e+02 5.992034442808583208e+02 7.579336030110055162e+02 6.334005428632995063e+02 7.921307015934692117e+02 9.049788029422290947e+02 9.707269874458932009e+02 1.104833194492899111e+03 9.461030357627607827e+02 9.287395754863857746e+02 9.752305625996261824e+02 1.012643619805263143e+03 1.078391804308914743e+03 9.283743923381271088e+02 7.696442336079574034e+02 8.161352207212062240e+02
0.000000000000000000e+00 1.443712871605771397e+03 1.284982712875633297e+03 1.172743541258732876e+03 1.145751482287147155e+03 9.870213235570088273e+02 1.107253764027414036e+03 1.173001948531074504e+03 1.068772764795010062e+03 9.100426060648719613e+02 1.003697118209770451e+03 1.036214767799984656e+03 8.774846090698465559e+02 7.652454374529398820e+02 9.239755961830869637e+02 1.002832204834199729e+03 9.111893049628367862e+02 8.402030199628479750e+02 7.744548354591836414e+02 6.346965594168830194e+02 7.934267181470302148e+02 7.976161426935429972e+02 6.388859839633958018e+02 7.976161426935429972e+02 7.921307015934692117e+02 6.863105957733496325e+02 8.450407545035193380e+02 9.687489980024452052e+02 1.060391897873820653e+03 1.104833194492899111e+03 1.087469734216524103e+03 1.133960721329764510e+03 1.094807887847464826e+03 9.825687162305312086e+02 9.032036368654466969e+02 8.161352207212062240e+02 6.574050619910365185e+02
0.000000000000000000e+00 1.430492176513780123e+03 1.351127097148710163e+03 1.210552798233783960e+03 1.051822639503645860e+03 1.078664223428366768e+03 1.211499666790807623e+03 1.148137844160084569e+03 9.894076854299464685e+02 1.068772764795010062e+03 1.101189504222731557e+03 1.035441319719071089e+03 9.083354489106388883e+02 7.496052901804916928e+02 8.874027354695040231e+02 9.531509199731681292e+02 8.981879778556292422e+02 8.126755772768967745e+02 6.539454185467495790e+02 7.934267181470302148e+02 8.591749026506943210e+02 8.633643271972071034e+02 7.098722689633846130e+02 7.237308226657473824e+02 8.824609813958945779e+02 8.450407545035193380e+02 7.442706547686020713e+02 8.359135546399650138e+02 9.946437133701347193e+02 1.132958916069883799e+03 1.145596803244437069e+03 1.066231723879352558e+03 1.000483539375666396e+03 8.703295446136089595e+02 7.580903729966880746e+02 6.787252936316035630e+02 6.432321511316049509e+02
0.000000000000000000e+00 1.364743992010119655e+03 1.206013833279981554e+03 1.126648753914911595e+03 1.210552798233783960e+03 1.190903395045267189e+03 1.260377015776984990e+03 1.101646857046846890e+03 1.101646857046846890e+03 1.147680491335977877e+03 9.889503326058397761e+02 8.767111609889329884e+02 8.205915751804805041e+02 8.874027354695040231e+02 7.286725767393568276e+02 8.669107600927463864e+02 8.324397933519651360e+02 6.737096346218179406e+02 8.126755772768967745e+02 7.661845901636563667e+02 9.249147488938035622e+02 8.686024276935318085e+02 8.221114405802914007e+02 8.359699942826541701e+02 8.533334545590291782e+02 9.687489980024452052e+02 8.565098263855088589e+02 8.291154934709536519e+02 9.084805728360281591e+02 1.067210731566206505e+03 1.079848618740759775e+03 9.211184600105812024e+02 8.417533806454966907e+02 7.888433277354401980e+02 7.409843841516653811e+02 8.374554523617732684e+02 7.348750510029794896e+02
0.000000000000000000e+00 1.430492176513780123e+03 1.351127097148710163e+03 1.285378912645049695e+03 1.351127097148710163e+03 1.349633553775405289e+03 1.326125200280645458e+03 1.260377015776984990e+03 1.260377015776984990e+03 1.194171478449209189e+03 1.035441319719071089e+03 1.035441319719071089e+03 9.793217339106276995e+02 9.531509199731681292e+02 8.669107600927463864e+02 7.081806013625991909e+02 6.938683849393073615e+02 8.324397933519651360e+02 8.981879778556292422e+02 9.249147488938035622e+02 9.906629333974676683e+02 1.027332586423669909e+03 9.808415993104385961e+02 9.947001530128013655e+02 1.012063613289176374e+03 1.077811797792827747e+03 1.015239985115678564e+03 9.878456522011233574e+02 1.053593836704809291e+03 1.132958916069883799e+03 1.145596803244437069e+03 1.066231723879352558e+03 1.000483539375666396e+03 9.475734864656099035e+02 8.997145428818350865e+02 9.593533942368226235e+02 8.936052097331491950e+02
0.000000000000000000e+00 0.000000000000000000e+00 0.000000000000000000e+00 0.000000000000000000e+00 0.000000000000000000e+00 0.000000000000000000e+00 0.000000000000000000e+00 0.000000000000000000e+00 0.000000000000000000e+00 0.000000000000000000e+00 0.000000000000000000e+00 0.000000000000000000e+00 0.000000000000000000e+00 0.000000000000000000e+00 0.000000000000000000e+00 0.000000000000000000e+00 0.000000000000000000e+00 0.000000000000000000e+00 0.000000000000000000e+00 0.000000000000000000e+00 0.000000000000000000e+00 0.000000000000000000e+00 0.000000000000000000e+00 0.000000000000000000e+00 0.000000000000000000e+00 0.000000000000000000e+00 0.000000000000000000e+00 0.000000000000000000e+00 0.000000000000000000e+00 0.000000000000000000e+00 0.000000000000000000e+00 0.000000000000000000e+00 0.000000000000000000e+00 0.000000000000000000e+00 0.000000000000000000e+00 0.000000000000000000e+00 0.000000000000000000e+00
